[manual]
lat=45.50884
lon=-73.58781
